6;
7;
0.991401;0.00154009;0.00154004;0.00551848;0;0;
3.11712e-60;0.98385;3.68509e-117;0.00255123;0.0133278;0.000271037;
0.00129333;2.6711e-104;0.992499;0.00349198;0.000129333;0.00258665;
1.42081e-35;0.00215595;0.000498925;0.98861;0.00856849;0.000166306;
9.24591e-120;0.00301216;0;7.76615e-05;0.995679;0.00123103;
0;0.000221131;0;0;0.00065185;0.999127;
3.04835e-239;0;1;2.46615e-230;2.21703e-196;0;2.24775e-262;
0.00405564;3.04854e-259;0.0040688;0;0.00377435;0.000245094;0.987856;
0.501552;3.84741e-247;1.21832e-167;0.498448;7.28711e-101;1.71933e-295;2.37892e-238;
1.0661e-56;0;6.92459e-72;8.50437e-99;0.999853;8.79834e-225;0.000146908;
1.83772e-57;3.27239e-259;9.82266e-66;0;1.76345e-74;0.999968;3.24737e-05;
4.02564e-208;1;0;0;0;1.1515e-165;1.75213e-297;
0.651886;0;0.348114;0;0;0;
-187.638;