6;
7;
0.997971;0;0;0;0.000954768;0.00107471;
0;0.993906;0.00609385;0;0;0;
0.000283286;0;0.992776;0;0.00694051;0;
0;0;0;0.999805;0;0.000195389;
0.00607288;0;0.000289184;0.00289184;0.987565;0.00318103;
0.000550162;0;0;0.000183083;0;0.999267;
0;1.13643e-275;0;0;0.000118469;0;0.999882;
0;4.04277e-192;0;2.33987e-263;0;1;0;
0;0.44221;8.07731e-212;0.55779;0;5.37691e-243;0;
1;0;1.86309e-238;0;7.86595e-293;0;0;
2.78328e-232;1.48957e-136;1;0;4.86723e-236;0;1.714e-193;
0;0;2.07463e-233;0;1;0;6.16031e-257;
0;0.501771;0.498229;0;0;0;
-213.677;