6;
7;
0.99445;0.00277521;0.000115634;0;0.00254394;0.000115634;
0.00174419;0.99811;0;0;0.000145349;0;
0.00240291;0.000447052;0.996032;0.00111763;0;0;
0;0.00318674;0;0.993627;0;0.00318674;
0.0009356;0;0;0;0.996102;0.00296273;
0.000191351;0;0;0;0.00172216;0.998086;
2.31404e-228;2.63108e-237;1;0;0;0;6.26027e-217;
5.53089e-278;0;3.81674e-184;0;0;1.60545e-243;1;
1;0;8.41025e-253;0;9.22697e-294;2.07882e-280;2.51973e-322;
1.06915e-214;0;0;4.31167e-229;0.577438;0.422562;8.70298e-239;
0;1;4.95575e-209;7.04428e-130;0;0;0;
0;7.15258e-125;1.1552e-305;1;0;1.75866e-234;0;
0.180217;0;0.470234;0;0.349549;0;
-155.946;