6;
7;
0.994574;0;0.000103102;0.000105259;0.00521734;0;
0.00853799;0.977857;0;0.008538;1.80693e-147;0.00506719;
5.41051e-46;0;0.992878;0.00290958;0.00421247;0;
0.000301859;3.36561e-238;2.32501e-98;0.999439;0.000258928;0;
0.00492809;0;0.00673324;0.000293564;0.988045;0;
0.000423879;0.0096955;0;1.5707e-306;2.13467e-165;0.989881;
0.999794;0.000205598;0;0;8.86223e-193;0;0;
6.29632e-185;0;0.000312713;0.446317;0.553012;0;0.000358748;
3.43832e-37;0.00207134;0;0;0;0.997259;0.000669662;
0.000124329;0.000129377;0;1.77927e-210;0;5.47111e-52;0.999746;
0.000947771;0.999052;0;0;2.3032e-224;5.67525e-220;4.5985e-183;
9.0399e-317;0;0.999806;0.000194327;1.25787e-203;0;0;
0;0.272983;0;0;0;0.727017;
-149.982;