6;
7;
0.999683;0;0.000317305;0;0;0;
0.0017928;0.992829;0.00435395;0.000896402;0;0.000128057;
0.00156026;0.000195275;0.998244;0;0;0;
0.00043573;0;0;0.999564;0;0;
0;0;0;0;1;0;
0.000449964;0.00116991;0;0.000359971;0.0025198;0.9955;
2.16709e-264;0;0;0.000111011;0.999889;0;9.06486e-289;
1;9.58465e-283;0;2.44829e-225;5.55833e-259;0;3.12079e-233;
2.47675e-240;0;0;1;6.40492e-268;0;0;
5.16825e-82;1;0;0;1.04093e-291;0;7.55255e-237;
0;0;1;0;0;1.0037e-199;0;
6.94731e-155;0;2.2759e-237;0;0;0.553096;0.446904;
0;0.375147;0.174199;0;0;0.450654;
-256.184;