6;
7;
0.998643;0.00135719;9.72582e-40;1.07533e-49;1.36674e-109;2.10199e-109;
0.000664501;0.994389;6.94723e-57;0.000369167;0.00420851;0.000369167;
3.97347e-39;0.00210867;0.995047;0.00284425;1.17265e-116;2.15422e-149;
2.26345e-49;0.00725581;0.000186047;0.989767;0.000372093;0.0024186;
0.00503328;0.00162364;1.39135e-57;1.0151e-92;0.992856;0.000487092;
8.92109e-107;5.60868e-88;4.03315e-88;2.34753e-83;6.44144e-85;1;
1.12549e-170;9.65678e-52;3.76112e-24;2.52647e-29;9.93911e-39;3.06743e-30;1;
8.52726e-41;8.09868e-24;0.461278;7.85002e-31;6.38241e-31;0.538722;7.3972e-31;
7.53041e-153;8.71403e-30;1.91389e-38;9.56968e-94;1;2.44938e-80;3.86562e-40;
2.43907e-21;1;1.54753e-20;3.44829e-30;8.13422e-20;4.84993e-46;2.86487e-79;
1.81116e-25;5.00124e-28;5.07172e-25;1;5.52363e-94;2.63985e-34;9.00439e-24;
1;2.90021e-20;3.70024e-32;2.95455e-26;4.65508e-235;1.11757e-55;1.6118e-169;
5.04605e-62;1.20325e-252;1;1.7822e-122;0;0;
-272.401;