6;
7;
0.99545;0.00170581;0.00246492;4.21901e-19;0.000379219;6.14732e-131;
0.000202977;0.999526;0.000135318;1.3399e-32;0.000135318;2.97915e-126;
0.000275154;0.000183436;0.999358;0.000183436;1.48151e-33;1.03598e-130;
0.0001365;1.21226e-25;0.00273;0.996997;0.0001365;1.11466e-147;
0.000652717;0.0028572;0.000163252;0.000571382;0.995755;1.71558e-122;
3.49961e-32;0.00130446;0.000260892;1.93927e-121;4.67811e-43;0.998435;
9.36432e-31;2.20315e-76;6.25988e-18;1.30888e-10;6.02835e-21;1.20793e-21;1;
3.66394e-80;1.22273e-34;3.79756e-34;2.3559e-53;5.83555e-13;1;1.02983e-09;
1.89577e-28;3.02768e-38;0.626978;0.373022;2.05271e-33;4.23319e-33;5.95035e-13;
0.999864;7.10702e-203;2.77396e-24;1.07436e-25;4.34586e-23;3.54377e-74;0.000136389;
7.13831e-28;9.62676e-91;1.38437e-30;1.33396e-52;1;9.78313e-14;2.90008e-07;
3.74295e-182;1;0;3.27702e-29;5.85429e-80;1.34314e-26;5.17418e-82;
0.2115;3.16434e-39;7.5555e-35;0.223089;0.28753;0.277882;
-147.717;