6;
7;
0.990478;0.00545446;2.00322e-55;2.49031e-07;0.00127254;0.0027948;
0.00139138;0.99651;0.000706076;7.59904e-07;0.000708676;0.000682906;
1.35002e-47;0.00142332;0.994544;6.40651e-07;1.51275e-25;0.0040321;
0.000137841;0.000547306;0.000819926;0.993099;0.00539627;3.25358e-28;
0.00222395;0.00804068;3.60751e-21;0.000127096;0.989608;2.98071e-17;
5.10911e-25;0.00293951;0.0125823;1.23521e-19;5.88406e-12;0.984478;
3.26377e-14;7.54213e-18;0.00450748;1.99586e-13;1.97454e-18;0.995493;7.35002e-65;
4.27987e-22;0.999957;7.71132e-11;3.29307e-26;8.95116e-48;4.3043e-05;1.19949e-19;
4.41786e-69;4.47513e-28;3.29816e-11;4.99269e-27;6.59065e-96;4.34382e-59;1;
7.2241e-05;1.00055e-28;0.395504;3.84726e-64;0.604424;4.08866e-19;3.40144e-44;
0.998765;0.0001185;0.000254137;5.68029e-17;0.000738762;0.00012347;1.11452e-31;
3.16481e-34;2.27832e-20;0.0122797;0.98772;2.02205e-44;2.08456e-27;5.00708e-13;
6.77424e-100;8.16335e-152;8.80936e-143;1;8.56285e-30;3.51834e-74;
-272.062;