6;
7;
0.997592;3.14648e-51;6.60201e-36;1.15541e-19;0.000343524;0.00206449;
1.82346e-50;0.992805;0.00640738;0.000656412;0.000130954;1.85079e-15;
5.67536e-33;0.0110162;0.985879;0.000354111;0.00079263;0.001958;
8.6812e-20;0.0001705;1.7166e-06;0.994862;2.20699e-20;0.00496575;
0.000289547;0.00101335;0.00102107;0.00014493;0.996663;0.000868485;
0.000854767;1.47023e-12;0.000686282;0.00309663;0.000359397;0.995003;
0.000171217;5.80483e-38;5.07756e-20;5.6098e-58;1.42251e-25;0.999829;3.14901e-17;
2.26399e-84;5.68167e-18;2.30431e-31;0.996126;0.00387363;9.86272e-95;1.43571e-50;
2.29901e-41;3.26465e-09;3.63571e-18;0.00303973;0.99696;6.90266e-38;1.16815e-19;
1.91571e-17;2.16327e-32;0.998141;3.09731e-26;0.000960119;3.5814e-20;0.000899062;
8.90107e-35;0.997351;5.05985e-25;0.000144836;0.0019173;1.94174e-19;0.000586496;
0.471555;5.94391e-05;0.000889955;5.29142e-48;0.000507063;5.9118e-05;0.52693;
0.247419;0.157125;6.6985e-10;0.105579;0.2414;0.248476;
-43.138;