6;
7;
0.991243;2.22518e-37;0.000288684;0.00558122;0.00288684;4.22869e-39;
7.20379e-36;0.998251;1.61418e-43;4.2854e-22;6.37318e-29;0.00174866;
0.00485553;2.5972e-54;0.994826;0.000318395;3.08388e-74;5.80381e-58;
0.0012165;5.18181e-05;0.000110591;0.994734;0.000552955;0.00333428;
7.48992e-46;0.00213726;1.12447e-72;0.00237473;0.990264;0.00522441;
3.94709e-39;0.0016837;2.90221e-57;0.00494466;4.75044e-45;0.993372;
2.22464e-25;2.14198e-36;3.22381e-20;6.45651e-22;1;5.76196e-35;6.57034e-37;
2.39343e-16;0.999984;5.61162e-23;8.76699e-59;1.98936e-37;3.83047e-11;1.56018e-05;
3.06494e-101;2.33214e-72;1.22191e-27;1;1.13649e-21;2.12927e-41;3.61427e-43;
9.5186e-25;6.12241e-33;0.381879;1.24344e-30;1.13626e-23;9.43762e-05;0.618027;
1;2.27019e-22;1.65061e-19;1.55233e-91;6.72874e-21;2.62263e-10;8.69347e-33;
4.09739e-20;1.05197e-21;1.74653e-14;5.04095e-116;1.18181e-71;1;1.72171e-08;
0.123716;1.03582e-54;0.422615;0.436826;0.0168431;8.4943e-59;
-105.543;