6;
7;
0.987074;1.36434e-05;0.000283425;0.000141714;0.0124866;7.47691e-07;
0.000247101;0.997756;0.0013893;8.29747e-23;0.000607794;1.9629e-25;
0.000530048;0.00354493;0.995223;0.000316578;1.19965e-07;0.000384978;
0.0133725;3.79252e-24;0.000341518;0.977397;2.62175e-28;0.00888893;
0.00595685;0.00140646;1.17087e-07;1.45836e-25;0.992637;1.85133e-51;
3.88201e-06;3.94944e-24;0.00559462;0.00423863;9.77082e-36;0.990163;
5.05243e-26;2.66588e-08;0.999818;1.12708e-24;0.000113016;5.28636e-40;6.85185e-05;
0.999045;2.23278e-38;0.000102269;0.000852101;2.60889e-26;1.09266e-117;3.08712e-07;
0.000318398;5.16828e-24;2.08916e-15;0.999682;2.92752e-10;1.57508e-49;8.08941e-28;
1.02816e-21;0.999252;0.000344451;2.17939e-15;0.000403362;1.33613e-11;1.47058e-30;
9.9757e-05;1.53693e-46;0.00145488;1.13806e-17;1.57466e-44;4.97613e-155;0.998445;
1.32482e-52;3.57031e-15;4.44977e-11;6.1556e-23;0.525017;0.474983;4.22248e-64;
1.55333e-35;3.03638e-187;1.36011e-98;0.153544;1.36044e-206;0.846456;
-156.001;