6;
7;
0.994847;0;0.00482639;0.000130671;0.000196001;0;
0;0.99589;0.0013699;0;0;0.00274007;
0.0064042;0.000376124;0.99184;0;0.000626417;0.000753383;
0.000502134;0;0;0.999498;0;0;
0.000563077;0;0.000630636;0;0.998806;0;
0;0.00114485;0.00285895;0;0;0.995996;
0.000540959;0;0;1.05739e-305;0;2.48547e-287;0.999459;
0.000342457;0.000339776;0.643884;0;0.355434;0;0;
0.998051;0.000122821;0.000124597;3.09323e-265;1.75664e-313;0;0.00170127;
0;0;0;0;0;1;1.76326e-301;
0.000118854;0;0;0.999881;0;0;2.2119e-168;
7.46119e-187;1;4.0452e-205;0;8.32891e-204;0;0;
0.590205;0.0722439;0;0.218929;0.118622;0;
-331.371;