name;370      
HMD 17.8751 -6.66227e-05 1.79977 -6.50339e-06 
HMD 17.8867 -7.23475e-05 1.79977 -6.41966e-05 
HMD 17.8975 -7.47965e-05 1.79981 -7.28292e-05 
HMD 17.9087 -2.5351e-05 1.79965 -7.28739e-05 
HMD 17.9198 -4.6945e-05 1.79962 -9.01904e-06 
HMD 17.931 -3.7879e-05 1.79968 -1.74663e-05 
HMD 17.9422 -6.52655e-05 1.79975 9.46815e-06 
HMD 17.9534 -5.9134e-05 1.79971 -2.06962e-05 
HMD 17.9647 1.96065e-05 1.79992 -1.00548e-05 
HMD 17.9758 0.000104364 1.79971 5.3854e-06 
HMD 17.9868 0.000113544 1.79969 -5.64145e-05 
HMD 17.9981 0.000121972 1.79971 -5.41945e-05 
HMD 18.0092 0.000118925 1.79971 -7.02858e-05 
HMD 18.0203 0.000117204 1.79971 2.7695e-05 
HMD 18.0315 1.55268e-05 1.79943 2.26009e-05 
HMD 18.0428 6.62776e-06 1.79948 3.35573e-05 
HMD 18.0539 9.92801e-06 1.79949 1.73609e-05 
HMD 18.065 7.74888e-05 1.79964 1.94069e-05 
HMD 18.0761 2.05581e-05 1.79977 9.26827e-06 
HMD 18.0872 3.23733e-05 1.79978 -7.13231e-05 
HMD 18.0984 7.50864e-05 1.79989 -7.44936e-05 
HMD 18.1096 4.4267e-05 1.80002 -6.9362e-05 
HMD 18.1207 2.27493e-05 1.80004 3.53051e-05 
HMD 18.1319 -1.11689e-06 1.8 3.5817e-05 
HMD 18.1431 9.01826e-06 1.80001 5.59506e-05 
HMD 18.1544 1.68721e-05 1.79999 -3.29348e-05 
HMD 18.1656 -4.51163e-05 1.79986 -4.05225e-05 
HMD 18.1767 2.22006e-05 1.79966 -1.32008e-05 
HMD 18.1878 2.96084e-05 1.79966 -1.20116e-05 
HMD 18.199 8.9311e-05 1.79981 -4.56067e-06 
HMD 18.2102 6.86418e-05 1.79991 -3.24201e-06 
HMD 18.2212 6.64687e-05 1.79988 -9.00451e-06 
HMD 18.2325 9.82365e-05 1.79991 -4.73544e-06 
HMD 18.2436 0.000132945 1.79987 4.31624e-06 
HMD 18.2547 0.000138103 1.79989 3.00084e-05 
HMD 18.266 6.59004e-05 1.7997 2.26303e-05 
HMD 18.2772 3.69016e-05 1.79976 2.41407e-05 
HMD 18.2883 3.3166e-05 1.79974 7.56728e-05 
HMD 18.2995 7.0412e-05 1.79983 8.43914e-05 
HMD 18.3107 0.000125318 1.79966 7.10023e-05 
HMD 18.3218 0.000128811 1.79963 -5.46153e-06 
HMD 18.333 0.00017109 1.79969 -5.11442e-06 
HMD 18.3442 0.00014407 1.79975 -3.20025e-05 
HMD 18.3555 0.000150073 1.79974 -6.93736e-05 
HMD 18.3666 8.82003e-05 1.79954 -7.26647e-05 
HMD 18.3777 3.00631e-05 1.79971 -9.31893e-05 
HMD 18.3889 9.96251e-06 1.79968 -5.24278e-05 
HMD 18.4 -3.70575e-05 1.79959 -6.29993e-05 
HMD 18.4112 -0.000108535 1.79978 -6.0673e-05 
HMD 18.4223 -0.000113632 1.79977 -0.000106112 
HMD 18.4335 -0.000119445 1.79982 -0.000118061 
HMD 18.4446 -7.2047e-05 1.79959 -0.000126584 
HMD 18.4558 -0.000112674 1.79961 1.65232e-06 
HMD 18.467 5.21498e-06 1.7998 2.28793e-05 
HMD 18.4782 5.36367e-05 1.79963 2.77902e-05 
HMD 18.4894 4.85838e-05 1.79962 9.79128e-05 
HMD 18.5006 0.000104111 1.7998 0.000108751 
HMD 18.5117 0.000159892 1.79966 0.000105691 
HMD 18.5228 0.000194365 1.79969 -9.14938e-06 
HMD 18.5341 0.000210598 1.79968 4.01009e-07 
HMD 18.5452 0.000204567 1.79968 -1.22692e-05 
HMD 18.5566 0.000187461 1.79971 9.40979e-05 
HMD 18.5676 8.78219e-05 1.79943 0.000102013 
HMD 18.5789 9.33698e-05 1.79939 0.000109041 
HMD 18.5899 9.94168e-05 1.79936 1.32584e-05 
HMD 18.6011 0.00013208 1.79947 5.3649e-06 
HMD 18.6123 6.87859e-05 1.79966 1.67974e-05 
HMD 18.6234 5.35147e-05 1.79969 -6.49481e-05 
HMD 18.6346 8.18466e-05 1.79981 -7.40146e-05 
HMD 18.6458 3.50917e-05 1.79995 -7.96652e-05 
HMD 18.6569 1.39921e-05 1.79997 2.45607e-05 
HMD 18.6681 -0.000110598 1.79978 -8.42538e-06 
HMD 18.6792 -0.000107791 1.79976 -9.82413e-06 
HMD 18.6904 -0.000136054 1.7997 -3.49588e-05 
HMD 18.7016 -0.000132444 1.79967 -1.51783e-05 
HMD 18.7127 -8.6619e-05 1.79949 -1.45631e-05 
HMD 18.724 -9.19448e-05 1.79947 -8.46584e-06 
HMD 18.7351 -1.12143e-05 1.7996 8.50525e-06 
HMD 18.7463 -4.72471e-05 1.79963 -4.2812e-06 
HMD 18.7576 -5.11815e-05 1.79971 -7.03906e-05 
HMD 18.7687 5.96379e-05 1.79986 -3.29316e-05 
HMD 18.7799 8.96762e-05 1.7998 -2.65652e-05 
HMD 18.791 6.74003e-05 1.79981 -3.33065e-05 
HMD 18.8022 6.85563e-05 1.79987 -3.70421e-05 
HMD 18.8133 2.53749e-05 1.80004 -2.91623e-05 
HMD 18.8244 -4.44234e-05 1.79996 -5.89638e-05 
HMD 18.8356 -6.06194e-05 1.80005 -7.81731e-05 
HMD 18.8469 -5.99971e-05 1.80009 -6.73744e-05 
HMD 18.858 -3.51217e-05 1.80021 -1.21165e-05 
HMD 18.8692 -4.03078e-05 1.80024 -1.67723e-05 
HMD 18.8804 -7.50298e-06 1.80022 -1.20682e-05 
HMD 18.8916 -7.43637e-06 1.80021 -5.37111e-05 
HMD 18.9027 -3.12054e-05 1.80027 -7.16575e-05 
HMD 18.9139 -3.17891e-06 1.80016 -8.59085e-05 
HMD 18.925 -7.05474e-05 1.80004 -9.55339e-05 
HMD 18.9362 -6.31178e-05 1.80002 -8.0057e-05 
HMD 18.9474 -9.51739e-05 1.8001 -9.01064e-05 
HMD 18.9586 -0.000154347 1.80007 -1.91183e-05 
HMD 18.9698 -0.00013817 1.8001 -6.75502e-06 
HMD 18.9809 -0.000140548 1.80006 -2.6238e-05 
HMD 18.9921 -9.0949e-05 1.80021 -8.18525e-05 
HMD 19.0032 -8.75703e-05 1.80023 -6.81846e-05 
HMD 19.0144 9.25369e-06 1.79998 -6.52086e-05 
HMD 19.0255 1.43821e-05 1.79997 -4.43115e-05 
HMD 19.0367 2.70005e-05 1.79997 -5.10355e-05 
HMD 19.048 2.8744e-05 1.79998 -4.52614e-05 
HMD 19.0592 -6.82766e-05 1.7998 -1.87626e-05 
HMD 19.0704 -5.33799e-05 1.79977 -1.33766e-05 
HMD 19.0816 -6.37821e-05 1.79981 -9.09375e-06 
HMD 19.0928 -7.9046e-06 1.79982 -4.90019e-05 
HMD 19.1038 -4.56911e-05 1.79986 -8.14204e-05 
HMD 19.1151 -6.66263e-05 1.79991 -8.75034e-05 
HMD 19.1261 -0.000103211 1.79978 -9.01209e-05 
HMD 19.1373 -9.6615e-05 1.79973 -8.22288e-05 
HMD 19.1486 -0.000131321 1.79976 -8.38387e-05 
HMD 19.1597 -4.93948e-05 1.8 3.25559e-05 
HMD 19.171 -2.08367e-05 1.79998 6.74065e-05 
HMD 19.1821 8.69299e-06 1.79986 5.98291e-05 
HMD 19.1933 6.64625e-05 1.79996 -1.04596e-05 
HMD 19.2044 5.81698e-05 1.79998 -1.99267e-05 
HMD 19.2156 4.93873e-05 1.80003 -2.05826e-05 
HMD 19.2268 6.08284e-05 1.80002 -5.37678e-05 
HMD 19.2378 3.91526e-05 1.80011 -8.23877e-05 
HMD 19.2489 0.000120222 1.79989 -7.98133e-05 
HMD 19.2601 -2.36364e-05 1.79949 -3.26352e-05 
HMD 19.2712 -1.09003e-05 1.79949 -3.01015e-05 
HMD 19.2824 -7.07008e-05 1.79965 -2.15746e-05 
HMD 19.2938 -8.79174e-05 1.79967 -2.59057e-05 
HMD 19.3048 -9.24837e-05 1.79964 -2.72047e-05 
HMD 19.316 4.13853e-06 1.79931 -2.80268e-05 
HMD 19.3271 5.19563e-05 1.79938 4.74943e-06 
HMD 19.3382 4.05856e-05 1.79932 -9.69498e-06 
HMD 19.3494 -8.48233e-06 1.79942 -2.87445e-05 
HMD 19.3607 3.96869e-05 1.79949 -6.01428e-05 
HMD 19.3717 6.26482e-05 1.79945 -5.98696e-05 
HMD 19.3832 -1.80446e-05 1.79966 -8.40189e-05 
HMD 19.3943 -8.24015e-06 1.79962 -0.000111669 
HMD 19.4054 1.51966e-05 1.79954 -9.37802e-05 
HMD 19.4166 -2.53375e-05 1.79967 -0.000101782 
HMD 19.4276 -4.37936e-05 1.79968 -6.01385e-05 
HMD 19.4388 -1.92424e-05 1.79963 -3.28199e-05 
HMD 19.45 6.29718e-05 1.79942 -1.60212e-05 
HMD 19.4612 0.000144857 1.79964 -6.04349e-05 
HMD 19.4723 0.000147428 1.79966 -6.44402e-05 
HMD 19.4835 0.000176333 1.79967 -5.34789e-05 
HMD 19.4947 0.000215666 1.79971 -5.6889e-05 
HMD 19.5058 0.000217472 1.79974 -7.08622e-05 
HMD 19.517 0.000183624 1.79995 -5.90669e-05 
HMD 19.5282 0.000180646 1.79994 -7.50609e-05 
HMD 19.5393 0.000198892 1.79992 -7.42304e-05 
HMD 19.5505 0.000318339 1.79962 -5.41039e-05 
HMD 19.5616 0.000265267 1.79941 -5.48542e-05 
HMD 19.5728 0.000263762 1.79946 -6.6489e-05 
HMD 19.5842 0.00013698 1.79983 4.59807e-05 
HMD 19.5953 0.000150151 1.79986 6.58669e-05 
HMD 19.6063 0.000156661 1.79988 8.76859e-05 
HMD 19.6175 0.000138597 1.7999 0.000102197 
HMD 19.6287 0.000146069 1.79991 0.00010699 
HMD 19.6398 0.000144046 1.79993 0.000122722 
HMD 19.651 0.0001454 1.80008 2.33949e-05 
HMD 19.6622 0.000105714 1.79999 3.58108e-05 
HMD 19.6734 9.72488e-05 1.80001 4.0769e-05 
HMD 19.6846 7.12395e-05 1.80013 -3.07642e-05 
HMD 19.6957 6.01185e-05 1.80015 -3.47306e-05 
HMD 19.7068 5.10369e-05 1.8002 -3.91159e-05 
HMD 19.7181 8.02321e-05 1.80008 -3.58028e-05 
HMD 19.7292 5.68687e-05 1.80009 -4.41258e-06 
HMD 19.7404 2.90501e-05 1.80018 -3.75964e-05 
HMD 19.7516 9.39987e-05 1.80001 -5.26787e-05 
HMD 19.7628 3.19593e-05 1.79987 -5.84789e-05 
HMD 19.7739 4.95486e-05 1.79983 -3.54376e-05 
HMD 19.7852 3.46936e-06 1.79996 -2.46351e-05 
HMD 19.7964 -4.73256e-05 1.79987 -3.41456e-05 
HMD 19.8076 -4.515e-05 1.79986 -2.09413e-05 
HMD 19.8186 -7.17608e-05 1.79988 -4.47943e-06 
HMD 19.8298 -3.00111e-05 1.79996 6.89586e-06 
HMD 19.8411 -3.31965e-05 1.79996 6.51879e-06 
HMD 19.8522 5.2892e-05 1.79968 -5.98377e-05 
HMD 19.8633 7.42328e-05 1.7997 -5.71063e-05 
HMD 19.8744 3.51168e-05 1.79985 -5.54551e-05 
HMD 19.8856 3.97357e-05 1.79981 -0.00010367 
HMD 19.8968 7.04014e-05 1.7999 -0.00010592 
HMD 19.9079 6.16265e-05 1.79991 -0.00011855 
HMD 19.9191 9.58017e-05 1.79969 -3.97951e-05 
HMD 19.9303 2.78267e-05 1.79955 -4.73865e-05 
HMD 19.9414 3.10322e-05 1.79953 -3.76829e-05 
HMD 19.9527 3.72128e-05 1.79945 1.23908e-05 
HMD 19.9638 9.5552e-05 1.79958 2.41502e-06 
HMD 19.9749 0.000123363 1.79941 -2.35056e-05 
HMD 19.9863 0.000145262 1.7994 -6.6267e-05 
HMD 19.9975 0.00014534 1.79934 -7.31817e-05 
HMD 20.0085 5.64541e-05 1.79953 -8.10356e-05 
HMD 20.0197 5.47438e-05 1.79954 -9.04819e-05 
HMD 20.0308 -3.016e-06 1.79934 -9.58023e-05 
HMD 20.042 -5.99049e-05 1.79947 -0.000100716 
HMD 20.0533 -7.90203e-05 1.79945 -6.02129e-05 
HMD 20.0643 1.60929e-05 1.79965 -5.07742e-05 
HMD 20.0755 6.1486e-05 1.79954 -5.75891e-05 
HMD 20.0867 3.39983e-05 1.79954 2.80888e-05 
HMD 20.0978 7.79328e-05 1.79966 4.56563e-05 
HMD 20.1089 7.54503e-05 1.79963 7.49944e-05 
HMD 20.1202 8.28125e-05 1.79965 2.42575e-05 
HMD 20.1313 0.000140482 1.79974 3.35824e-05 
HMD 20.1425 0.00011675 1.79974 5.97716e-06 
HMD 20.1538 0.000103052 1.79972 5.7249e-05 
HMD 20.1649 0.000130165 1.79974 7.16653e-05 
HMD 20.176 5.37497e-05 1.79993 9.32421e-05 
HMD 20.1874 6.08985e-05 1.79992 -1.44107e-05 
HMD 20.1985 -8.03767e-05 1.79957 -2.10158e-05 
HMD 20.2095 -0.000144411 1.79967 -2.96397e-05 
HMD 20.2209 -0.000150458 1.79967 -9.19216e-05 
HMD 20.2319 -2.49356e-05 1.79997 -9.91465e-05 
HMD 20.2431 -3.03744e-05 1.8 -0.000105813 
HMD 20.2543 -4.15458e-05 1.79999 -1.85249e-05 
HMD 20.2655 -0.000117919 1.79981 -2.6022e-05 
HMD 20.2767 -9.78395e-05 1.79967 -7.51293e-06 
HMD 20.2878 -9.91824e-05 1.79964 -4.99116e-05 
HMD 20.2991 -7.43612e-05 1.79967 -5.54767e-05 
HMD 20.3101 -7.90518e-05 1.79963 -5.15795e-05 
HMD 20.3212 -7.93701e-05 1.7996 -4.37653e-05 
HMD 20.3324 4.29988e-05 1.79988 -2.32215e-05 
HMD 20.3435 -8.67815e-06 1.79995 -4.94771e-05 
HMD 20.3547 -1.92543e-05 1.79993 -5.16391e-05 
HMD 20.3659 -1.94574e-05 1.79987 -4.20089e-05 
HMD 20.3771 -4.79962e-06 1.79981 -4.91518e-05 
HMD 20.3884 -8.89744e-06 1.79978 -8.94586e-05 
HMD 20.3996 -1.7602e-06 1.79978 -9.21649e-05 
HMD 20.4107 7.14029e-05 1.79961 -5.65669e-05 
HMD 20.4218 5.39045e-05 1.79953 5.85446e-06 
HMD 20.4329 0.000101234 1.79959 1.81044e-05 
HMD 20.4441 6.36858e-05 1.79968 3.00327e-05 
HMD 20.4553 8.43339e-05 1.79967 -3.57812e-05 
HMD 20.4665 0.000105369 1.79966 -3.82343e-05 
HMD 20.4776 1.29372e-05 1.79993 -8.31353e-05 
HMD 20.4888 -1.40415e-06 1.79992 -1.78121e-06 
HMD 20.5 6.25959e-05 1.80003 8.0343e-06 
HMD 20.5111 6.16367e-05 1.80012 6.84523e-07 
HMD 20.5223 8.29791e-05 1.8001 -4.4311e-05 
HMD 20.5334 4.73768e-05 1.80004 -5.46284e-05 
HMD 20.5446 0.000111245 1.79986 -6.19421e-05 
HMD 20.5557 0.000118422 1.79985 -0.000101164 
HMD 20.567 0.000107571 1.79969 -8.5326e-05 
HMD 20.5782 0.00016166 1.79951 -0.000111857 
HMD 20.5895 0.00015889 1.79949 -3.31302e-05 
HMD 20.6007 0.000215908 1.7996 -3.44378e-05 
HMD 20.6119 0.000147536 1.79988 -2.97808e-05 
HMD 20.623 0.000158941 1.79991 -5.33071e-05 
HMD 20.6342 0.000129283 1.79991 -6.88455e-05 
HMD 20.6452 5.58731e-05 1.8001 -7.07006e-05 
HMD 20.6563 5.14309e-05 1.80012 -4.28971e-05 
HMD 20.6675 9.22032e-05 1.80017 -2.48474e-05 
HMD 20.6787 0.00016188 1.8 -1.67066e-05 
HMD 20.6898 0.00016126 1.79998 4.85336e-05 
HMD 20.701 0.000109369 1.80003 1.55696e-05 
HMD 20.7124 5.99677e-05 1.80017 1.23719e-05 
HMD 20.7233 6.06256e-05 1.8002 7.96282e-05 
HMD 20.7345 1.82428e-05 1.80024 5.95052e-05 
HMD 20.7457 2.85115e-05 1.80021 6.74305e-05 
HMD 20.7569 4.56347e-05 1.80022 -2.11428e-05 
HMD 20.7681 4.45451e-05 1.80014 -2.47516e-05 
HMD 20.7791 2.12135e-05 1.80027 -3.62934e-05 
HMD 20.7906 2.17591e-05 1.8003 -3.20084e-05 
HMD 20.8015 -8.65246e-05 1.80014 -5.88527e-05 
HMD 20.8128 -0.000102523 1.80019 -7.07577e-05 
HMD 20.8239 -7.25201e-05 1.80021 -0.000136758 
HMD 20.8351 -1.20391e-05 1.80009 -0.000113948 
HMD 20.8464 7.79726e-05 1.79985 -0.000130534 
HMD 20.8574 0.000105763 1.79993 -0.000149872 
HMD 20.8686 0.000162611 1.79983 -0.000129313 
HMD 20.8797 0.000122805 1.80003 -0.000151986 
HMD 20.8909 9.07281e-05 1.8 -6.84663e-05 
HMD 20.9021 9.28084e-05 1.79998 -6.6141e-05 
HMD 20.9132 0.000181769 1.7997 -5.67347e-05 
HMD 20.9243 0.000196276 1.79966 -0.000103762 
HMD 20.9356 0.000235537 1.79959 -9.88019e-05 
HMD 20.9468 0.0001693 1.79981 -0.000117983 
HMD 20.958 0.000140323 1.7997 -0.000120575 
HMD 20.9693 0.000160215 1.79963 -0.000113901 
HMD 20.9804 0.00023188 1.79945 -0.000122782 
HMD 20.9916 0.000238083 1.7994 -7.43291e-05 
HMD 21.0027 0.000261707 1.79934 -6.29938e-05 
HMD 21.0139 0.000157916 1.79958 -6.92215e-05 
HMD 21.025 0.000169242 1.7996 1.15353e-06 
HMD 21.0361 0.000168961 1.79964 -1.66e-05 
HMD 21.0474 0.000141593 1.79973 -3.68976e-06 
HMD 21.0585 4.87581e-05 1.79952 7.00592e-05 
HMD 21.0697 1.94701e-05 1.79946 6.33087e-05 
HMD 21.0808 7.12101e-05 1.79931 7.22975e-05 
HMD 21.0921 0.000200865 1.79947 -3.30064e-05 
HMD 21.1033 0.00021274 1.79941 -1.95017e-05 
HMD 21.1144 0.000237834 1.79929 -1.37295e-05 
HMD 21.1255 0.000207175 1.79914 -4.43229e-05 
HMD 21.1366 0.000226409 1.79912 -5.22178e-05 
HMD 21.1479 0.000106175 1.7995 -4.39118e-05 
HMD 21.159 0.000157297 1.79963 3.52784e-05 
HMD 21.1702 9.86972e-05 1.79972 2.52857e-06 
HMD 21.1813 6.15534e-05 1.79983 8.62471e-06 
HMD 21.1925 8.15775e-05 1.79988 6.67257e-05 
HMD 21.2038 0.000100576 1.79987 9.05228e-05 
HMD 21.2149 2.91634e-05 1.8001 9.89332e-05 
HMD 21.2262 2.6655e-05 1.80009 -3.79546e-06 
HMD 21.2373 3.64058e-05 1.80006 -2.80183e-06 
HMD 21.2484 0.000105815 1.79989 -7.02372e-06 
HMD 21.2594 0.000109779 1.79985 -7.82745e-05 
HMD 21.2707 9.98604e-05 1.79989 -8.42579e-05 
HMD 21.2819 0.000129705 1.79978 -9.36629e-05 
HMD 21.293 0.000147665 1.79974 -7.52621e-05 
HMD 21.3042 0.000140377 1.79977 -9.40503e-05 
HMD 21.3154 7.28513e-05 1.79996 -9.48073e-05 
HMD 21.3265 -5.82146e-05 1.79968 -8.22069e-05 
HMD 21.3377 -6.27199e-05 1.79961 -8.98248e-05 
HMD 21.3489 -8.5241e-05 1.79966 -0.00011055 
HMD 21.36 -7.05603e-05 1.7997 -2.98471e-05 
HMD 21.3712 -7.03135e-05 1.7997 -1.09019e-05 
HMD 21.3823 -3.6093e-05 1.79949 -3.98694e-06 
HMD 21.3935 7.05207e-05 1.79972 -3.90135e-05 
HMD 21.4048 4.81201e-05 1.79975 -5.89482e-05 
HMD 21.416 0.000115193 1.79959 -5.90389e-05 
HMD 21.427 0.000150346 1.79964 -3.96468e-05 
HMD 21.4383 0.000150231 1.79964 -4.14628e-05 
HMD 21.4495 9.19561e-05 1.79979 -6.21821e-05 
HMD 21.4605 5.70016e-05 1.79971 -5.33999e-05 
HMD 21.4717 6.73539e-05 1.79964 -3.50252e-05 
HMD 21.4829 4.67945e-05 1.79972 -3.0865e-05 
HMD 21.4941 2.37259e-05 1.79967 -2.6538e-05 
HMD 21.5052 1.9603e-05 1.7997 -3.83667e-05 
HMD 21.5164 -1.26948e-05 1.79978 -3.40881e-05 
HMD 21.5276 5.65269e-05 1.79991 -6.85353e-05 
HMD 21.5387 6.41257e-05 1.79988 -6.1497e-05 
HMD 21.5499 5.75084e-05 1.79992 -6.28068e-05 
HMD 21.5611 6.95133e-05 1.79995 3.39436e-05 
HMD 21.5723 9.51928e-05 1.79992 6.01732e-05 
HMD 21.5835 0.0001849 1.79967 -1.18045e-05 
HMD 21.5945 8.30412e-05 1.79939 -2.97598e-05 
HMD 21.6058 5.84622e-05 1.7994 -5.44315e-05 
HMD 21.6172 -1.76786e-05 1.79961 -5.08548e-05 
HMD 21.6283 8.28427e-05 1.79981 -7.63236e-05 
HMD 21.6393 6.24877e-05 1.79978 -9.52222e-05 
HMD 21.6505 3.0906e-05 1.79988 -0.000108526 
HMD 21.6615 4.41863e-05 1.79994 1.70976e-05 
HMD 21.6729 5.25122e-05 1.7999 2.28925e-05 
HMD 21.684 8.09746e-05 1.7999 -4.26031e-05 
HMD 21.6952 9.87899e-05 1.79991 -4.67222e-05 
HMD 21.7063 7.73698e-05 1.79997 -8.17986e-05 
HMD 21.7175 0.000119581 1.79989 -9.49773e-05 
HMD 21.7287 0.000150997 1.79995 -9.76113e-05 
HMD 21.7398 0.000203461 1.79987 -6.54897e-05 
HMD 21.7509 0.000291732 1.79965 -8.04078e-05 
HMD 21.7621 0.000297168 1.79958 -6.5274e-05 
HMD 21.7733 0.000314085 1.7996 -8.30618e-05 
HMD 21.7845 0.00031673 1.79962 -0.000106385 
HMD 21.7957 0.000341213 1.79964 -0.000110982 
HMD 21.8068 0.000370801 1.79955 -9.80211e-05 
HMD 21.8182 0.000251728 1.7999 8.41941e-06 
HMD 21.8295 0.000223222 1.79984 -7.34849e-06 
HMD 21.8405 0.000242865 1.79987 7.23643e-06 
HMD 21.8515 0.000158757 1.80009 6.85452e-05 
HMD 21.8626 1.09079e-05 1.79977 7.08163e-05 
HMD 21.8738 -1.78331e-05 1.79978 5.49224e-05 
HMD 21.885 -2.49004e-06 1.7998 -6.40647e-05 
HMD 21.8962 2.04686e-06 1.79977 -6.50802e-05 
HMD 21.9074 -5.42789e-05 1.79988 -8.22139e-05 
HMD 21.9185 -8.80892e-05 1.79991 9.38967e-06 
HMD 21.9297 -0.000104967 1.79988 6.57087e-06 
HMD 21.9408 -0.000117294 1.79993 -5.30098e-06 
HMD 21.9521 -9.98303e-06 1.79954 -2.79764e-05 
HMD 21.9632 7.21476e-05 1.7997 -2.1627e-05 
HMD 21.9744 9.07753e-05 1.79966 -1.1579e-05 
HMD 21.9856 0.000112265 1.79956 4.44649e-05 
HMD 21.9967 0.000173571 1.79967 4.75729e-05 
