name;684      
HMD 0.895872 -1.43442e-05 1.8003 -3.56823e-05 
lhC 0.895872 -0.181075 1.26822 -0.286615 
rhC 0.895872 0.146907 1.26806 -0.359291 
bac 0.895872 -0.0202252 1.14887 -0.266134 
lfT 0.895872 -0.327341 0.296318 -0.47607 
rfT 0.895872 0.263837 0.312897 -0.521667 
HMD 0.907196 1.65526e-05 1.80026 -6.46016e-06 
lhC 0.907196 -0.181014 1.26802 -0.286583 
rhC 0.907196 0.146972 1.26789 -0.359247 
bac 0.907196 -0.0201882 1.14874 -0.26615 
lfT 0.907196 -0.327292 0.296099 -0.476089 
rfT 0.907196 0.263937 0.312694 -0.521679 
HMD 0.917843 1.91006e-05 1.80026 2.15954e-05 
lhC 0.917843 -0.181032 1.26809 -0.286583 
rhC 0.917843 0.146948 1.26792 -0.359227 
bac 0.917843 -0.0201603 1.14873 -0.266163 
lfT 0.917843 -0.327194 0.296091 -0.476188 
rfT 0.917843 0.263969 0.312675 -0.521741 
HMD 0.928909 -5.58948e-06 1.80032 -2.68934e-05 
lhC 0.928909 -0.181012 1.26815 -0.286668 
rhC 0.928909 0.146975 1.26798 -0.359178 
bac 0.928909 -0.0201183 1.14875 -0.266139 
lfT 0.928909 -0.327131 0.296226 -0.476148 
rfT 0.928909 0.264025 0.312744 -0.521714 
HMD 0.940076 1.96133e-05 1.80022 2.32918e-05 
lhC 0.940076 -0.180912 1.26792 -0.286612 
rhC 0.940076 0.14708 1.26794 -0.359242 
bac 0.940076 -0.0200989 1.14875 -0.266184 
lfT 0.940076 -0.327122 0.29622 -0.476177 
rfT 0.940076 0.264021 0.312767 -0.521741 
HMD 0.951273 7.54007e-05 1.80018 -4.26916e-05 
lhC 0.951273 -0.18083 1.26794 -0.286676 
rhC 0.951273 0.147144 1.26794 -0.35934 
bac 0.951273 -0.0201069 1.14877 -0.2662 
lfT 0.951273 -0.327113 0.296226 -0.4762 
rfT 0.951273 0.264022 0.312786 -0.521745 
HMD 0.962391 8.29939e-05 1.80016 6.38188e-06 
lhC 0.962391 -0.180834 1.26793 -0.286692 
rhC 0.962391 0.147119 1.26794 -0.35924 
bac 0.962391 -0.0201108 1.14868 -0.266229 
lfT 0.962391 -0.327107 0.296158 -0.476135 
rfT 0.962391 0.264028 0.312768 -0.521746 
HMD 0.973542 7.72255e-05 1.80022 -7.2719e-06 
lhC 0.973542 -0.180877 1.26807 -0.286575 
rhC 0.973542 0.147051 1.26808 -0.359266 
bac 0.973542 -0.0201564 1.14879 -0.266202 
lfT 0.973542 -0.327105 0.296172 -0.476146 
rfT 0.973542 0.263981 0.312804 -0.521679 
HMD 0.984673 0.000113642 1.80015 -8.69866e-05 
lhC 0.984673 -0.180875 1.26813 -0.286589 
rhC 0.984673 0.147112 1.26811 -0.359334 
bac 0.984673 -0.0201157 1.1488 -0.266251 
lfT 0.984673 -0.327095 0.29617 -0.476163 
rfT 0.984673 0.264029 0.312789 -0.521768 
HMD 0.995933 0.000101567 1.80021 -0.000146786 
lhC 0.995933 -0.180927 1.26805 -0.286709 
rhC 0.995933 0.147024 1.26797 -0.359396 
bac 0.995933 -0.0201068 1.14882 -0.266237 
lfT 0.995933 -0.327075 0.296181 -0.47616 
rfT 0.995933 0.264053 0.312826 -0.52175 
HMD 1.00707 0.00020762 1.79997 -6.38278e-05 
lhC 1.00707 -0.180718 1.26754 -0.286587 
rhC 1.00707 0.147257 1.26754 -0.359382 
bac 1.00707 -0.0201236 1.1489 -0.266255 
lfT 1.00707 -0.327035 0.296056 -0.476144 
rfT 1.00707 0.264065 0.312804 -0.521722 
HMD 1.0182 0.000149889 1.79994 -1.8828e-05 
lhC 1.0182 -0.180852 1.26751 -0.286467 
rhC 1.0182 0.147276 1.26755 -0.359391 
bac 1.0182 -0.020188 1.14897 -0.266212 
lfT 1.0182 -0.327057 0.296058 -0.47611 
rfT 1.0182 0.264061 0.312784 -0.521708 
HMD 1.02932 0.000165963 1.79992 1.08529e-05 
lhC 1.02932 -0.180849 1.26744 -0.286446 
rhC 1.02932 0.147174 1.26746 -0.359243 
bac 1.02932 -0.0201787 1.14901 -0.266204 
lfT 1.02932 -0.327023 0.296071 -0.476077 
rfT 1.02932 0.264056 0.312777 -0.521703 
HMD 1.04076 0.000175839 1.79988 2.35167e-05 
lhC 1.04076 -0.18085 1.26738 -0.286395 
rhC 1.04076 0.147126 1.26744 -0.359195 
bac 1.04076 -0.0201753 1.14902 -0.26617 
lfT 1.04076 -0.327021 0.296065 -0.476087 
rfT 1.04076 0.264053 0.312748 -0.521687 
HMD 1.05183 0.000157619 1.79992 8.52752e-05 
lhC 1.05183 -0.180882 1.26732 -0.286339 
rhC 1.05183 0.147102 1.26743 -0.359127 
bac 1.05183 -0.0201701 1.14908 -0.266184 
lfT 1.05183 -0.327079 0.296065 -0.476092 
rfT 1.05183 0.26403 0.31279 -0.521647 
HMD 1.06291 0.000145578 1.79995 3.44296e-05 
lhC 1.06291 -0.180835 1.26738 -0.286264 
rhC 1.06291 0.147189 1.26747 -0.359081 
bac 1.06291 -0.0202017 1.14901 -0.266205 
lfT 1.06291 -0.327087 0.296074 -0.476122 
rfT 1.06291 0.264009 0.312724 -0.521677 
HMD 1.07443 0.000112946 1.80005 -7.2693e-07 
lhC 1.07443 -0.180929 1.2677 -0.286446 
rhC 1.07443 0.147104 1.26779 -0.359225 
bac 1.07443 -0.02018 1.149 -0.266193 
lfT 1.07443 -0.327103 0.29619 -0.476141 
rfT 1.07443 0.263943 0.312865 -0.521705 
HMD 1.0858 9.68929e-05 1.8 -5.24876e-05 
lhC 1.0858 -0.180834 1.26773 -0.286524 
rhC 1.0858 0.147136 1.26781 -0.359266 
bac 1.0858 -0.0201935 1.149 -0.266221 
lfT 1.0858 -0.32717 0.29621 -0.476111 
rfT 1.0858 0.263929 0.312904 -0.521696 
HMD 1.09646 9.92671e-05 1.79994 7.43363e-07 
lhC 1.09646 -0.180902 1.26752 -0.286482 
rhC 1.09646 0.147081 1.26767 -0.359313 
bac 1.09646 -0.0201961 1.14895 -0.266156 
lfT 1.09646 -0.327182 0.296257 -0.476102 
rfT 1.09646 0.263914 0.312891 -0.521689 
HMD 1.10756 8.87433e-05 1.79996 3.56364e-06 
lhC 1.10756 -0.180944 1.26768 -0.286515 
rhC 1.10756 0.147056 1.26764 -0.359239 
bac 1.10756 -0.020159 1.14884 -0.266117 
lfT 1.10756 -0.327138 0.29598 -0.475999 
rfT 1.10756 0.263937 0.312797 -0.521613 
HMD 1.1187 -2.37975e-05 1.79985 2.0185e-05 
lhC 1.1187 -0.181035 1.26765 -0.286446 
rhC 1.1187 0.147007 1.26759 -0.35919 
bac 1.1187 -0.0201591 1.14881 -0.266109 
lfT 1.1187 -0.327148 0.295977 -0.475999 
rfT 1.1187 0.263934 0.31281 -0.521644 
HMD 1.12991 -2.63741e-05 1.7998 5.0493e-05 
lhC 1.12991 -0.181135 1.26742 -0.286443 
rhC 1.12991 0.146895 1.2674 -0.359198 
bac 1.12991 -0.0201944 1.14873 -0.266118 
lfT 1.12991 -0.327153 0.295961 -0.475971 
rfT 1.12991 0.263892 0.312762 -0.521665 
HMD 1.14095 -5.9709e-05 1.79984 4.15598e-05 
lhC 1.14095 -0.181218 1.2675 -0.28646 
rhC 1.14095 0.146825 1.26754 -0.359224 
bac 1.14095 -0.0201642 1.14865 -0.266104 
lfT 1.14095 -0.327189 0.296091 -0.47598 
rfT 1.14095 0.263864 0.312797 -0.521666 
HMD 1.15225 -2.77662e-06 1.79995 7.76823e-05 
lhC 1.15225 -0.181054 1.26773 -0.28642 
rhC 1.15225 0.146866 1.26752 -0.359289 
bac 1.15225 -0.0200923 1.14869 -0.266103 
lfT 1.15225 -0.327099 0.296212 -0.476025 
rfT 1.15225 0.2639 0.312814 -0.52175 
HMD 1.16331 -7.76342e-06 1.79996 8.19706e-05 
lhC 1.16331 -0.181047 1.26775 -0.286407 
rhC 1.16331 0.146952 1.26772 -0.359226 
bac 1.16331 -0.0200797 1.14867 -0.266091 
lfT 1.16331 -0.327091 0.296257 -0.476031 
rfT 1.16331 0.263942 0.312888 -0.521714 
HMD 1.17458 -2.58795e-05 1.79997 9.34855e-05 
lhC 1.17458 -0.181076 1.26777 -0.286441 
rhC 1.17458 0.146966 1.26777 -0.359257 
bac 1.17458 -0.0201184 1.1488 -0.266152 
lfT 1.17458 -0.327123 0.296432 -0.476044 
rfT 1.17458 0.263954 0.312877 -0.521701 
HMD 1.18573 0.00011753 1.8001 5.36877e-05 
lhC 1.18573 -0.180927 1.26778 -0.28661 
rhC 1.18573 0.147057 1.26781 -0.359375 
bac 1.18573 -0.0200771 1.14877 -0.26619 
lfT 1.18573 -0.327078 0.296426 -0.476125 
rfT 1.18573 0.263982 0.312909 -0.521742 
HMD 1.19687 0.000127161 1.8001 5.20168e-05 
lhC 1.19687 -0.180838 1.26792 -0.286497 
rhC 1.19687 0.147174 1.26805 -0.359304 
bac 1.19687 -0.0200551 1.14879 -0.266188 
lfT 1.19687 -0.327065 0.296436 -0.476134 
rfT 1.19687 0.264036 0.312974 -0.521718 
HMD 1.20798 0.000100143 1.8002 3.12225e-05 
lhC 1.20798 -0.180874 1.26813 -0.286504 
rhC 1.20798 0.14713 1.26817 -0.359289 
bac 1.20798 -0.0200756 1.14886 -0.266196 
lfT 1.20798 -0.32702 0.296317 -0.476108 
rfT 1.20798 0.264058 0.312951 -0.521708 
HMD 1.21919 8.14889e-05 1.80007 -8.84611e-05 
lhC 1.21919 -0.181006 1.26781 -0.286684 
rhC 1.21919 0.147195 1.26816 -0.359351 
bac 1.21919 -0.0200869 1.14889 -0.266181 
lfT 1.21919 -0.327106 0.296205 -0.476145 
rfT 1.21919 0.263995 0.312817 -0.521754 
HMD 1.23047 7.64793e-05 1.80008 -9.57514e-05 
lhC 1.23047 -0.181014 1.26781 -0.2867 
rhC 1.23047 0.146998 1.26776 -0.359435 
bac 1.23047 -0.0201057 1.14882 -0.266193 
lfT 1.23047 -0.327098 0.296203 -0.476155 
rfT 1.23047 0.264005 0.312824 -0.521755 
HMD 1.24155 5.40508e-05 1.80012 -0.000117631 
lhC 1.24155 -0.181066 1.26791 -0.28668 
rhC 1.24155 0.146935 1.2678 -0.359462 
bac 1.24155 -0.0201164 1.14887 -0.266208 
lfT 1.24155 -0.327102 0.296224 -0.476147 
rfT 1.24155 0.263974 0.31286 -0.521767 
HMD 1.2528 4.91854e-05 1.80014 -9.41205e-05 
lhC 1.2528 -0.181132 1.2679 -0.286659 
rhC 1.2528 0.146858 1.26787 -0.359393 
bac 1.2528 -0.0201605 1.14884 -0.266221 
lfT 1.2528 -0.327099 0.296212 -0.476142 
rfT 1.2528 0.263971 0.312849 -0.521759 
HMD 1.26393 4.95559e-05 1.80016 -0.000118451 
lhC 1.26393 -0.181099 1.26808 -0.286599 
rhC 1.26393 0.146897 1.26798 -0.359389 
bac 1.26393 -0.0201645 1.14885 -0.266205 
lfT 1.26393 -0.327136 0.296156 -0.47616 
rfT 1.26393 0.263955 0.312789 -0.521784 
HMD 1.27529 5.33827e-05 1.80015 -0.000121006 
lhC 1.27529 -0.181127 1.26814 -0.28665 
rhC 1.27529 0.146892 1.26794 -0.359363 
bac 1.27529 -0.0201605 1.14888 -0.266215 
lfT 1.27529 -0.32713 0.296144 -0.476178 
rfT 1.27529 0.263956 0.312752 -0.521822 
HMD 1.28642 0.000118856 1.80021 -0.000117522 
lhC 1.28642 -0.181031 1.26808 -0.28669 
rhC 1.28642 0.146973 1.2681 -0.359346 
bac 1.28642 -0.0201459 1.1489 -0.266235 
lfT 1.28642 -0.327082 0.296272 -0.476114 
rfT 1.28642 0.264026 0.312899 -0.521812 
HMD 1.29754 0.000113962 1.80019 -7.65868e-05 
lhC 1.29754 -0.18098 1.26815 -0.286537 
rhC 1.29754 0.146944 1.26807 -0.359286 
bac 1.29754 -0.0201013 1.14896 -0.266193 
lfT 1.29754 -0.32707 0.296221 -0.47607 
rfT 1.29754 0.264014 0.312926 -0.521764 
HMD 1.30864 0.000117173 1.8002 -8.35889e-05 
lhC 1.30864 -0.180973 1.26816 -0.286544 
rhC 1.30864 0.146947 1.26806 -0.359282 
bac 1.30864 -0.0201037 1.14905 -0.266206 
lfT 1.30864 -0.327105 0.296365 -0.476094 
rfT 1.30864 0.263985 0.313028 -0.521792 
HMD 1.31981 1.58046e-05 1.80011 -8.5272e-05 
lhC 1.31981 -0.181003 1.26815 -0.286494 
rhC 1.31981 0.14695 1.26809 -0.359255 
bac 1.31981 -0.0201293 1.14909 -0.266196 
lfT 1.31981 -0.327092 0.296346 -0.476114 
rfT 1.31981 0.263954 0.313024 -0.52175 
HMD 1.33082 -3.04801e-06 1.80016 -0.000167249 
lhC 1.33082 -0.181141 1.26805 -0.286785 
rhC 1.33082 0.146913 1.26797 -0.359479 
bac 1.33082 -0.0201776 1.14899 -0.26624 
lfT 1.33082 -0.327156 0.296233 -0.476206 
rfT 1.33082 0.26396 0.313013 -0.521794 
HMD 1.34211 4.97949e-05 1.80004 -0.000130494 
lhC 1.34211 -0.181021 1.26763 -0.286724 
rhC 1.34211 0.147055 1.26763 -0.359413 
bac 1.34211 -0.0201371 1.14892 -0.266213 
lfT 1.34211 -0.327103 0.296015 -0.476177 
rfT 1.34211 0.264062 0.312791 -0.521743 
HMD 1.35331 0.000122815 1.80012 -0.000101093 
lhC 1.35331 -0.181043 1.26762 -0.286741 
rhC 1.35331 0.147156 1.26779 -0.359307 
bac 1.35331 -0.0201606 1.14893 -0.266199 
lfT 1.35331 -0.327112 0.296016 -0.476152 
rfT 1.35331 0.264043 0.312785 -0.52171 
HMD 1.36436 0.000125969 1.80009 -6.35786e-05 
lhC 1.36436 -0.180904 1.26784 -0.286558 
rhC 1.36436 0.147144 1.26779 -0.359251 
bac 1.36436 -0.0201675 1.14893 -0.266168 
lfT 1.36436 -0.327109 0.296012 -0.476139 
rfT 1.36436 0.264048 0.312781 -0.521674 
HMD 1.37559 0.00023047 1.79985 2.41958e-05 
lhC 1.37559 -0.180719 1.26728 -0.286418 
rhC 1.37559 0.147332 1.26742 -0.359156 
bac 1.37559 -0.0199794 1.14849 -0.266054 
lfT 1.37559 -0.326979 0.295593 -0.476037 
rfT 1.37559 0.264252 0.312303 -0.521562 
HMD 1.38677 0.000159205 1.79979 0.000103854 
lhC 1.38677 -0.180837 1.26722 -0.286315 
rhC 1.38677 0.147263 1.26739 -0.359032 
bac 1.38677 -0.0199887 1.14846 -0.265998 
lfT 1.38677 -0.326995 0.295604 -0.47596 
rfT 1.38677 0.264225 0.312168 -0.521523 
HMD 1.39795 0.000159519 1.79976 0.000102318 
lhC 1.39795 -0.18081 1.2672 -0.286316 
rhC 1.39795 0.14726 1.26732 -0.359022 
bac 1.39795 -0.0199694 1.14845 -0.266044 
lfT 1.39795 -0.326986 0.295591 -0.475916 
rfT 1.39795 0.264257 0.312138 -0.52151 
HMD 1.40905 9.335e-05 1.79991 4.306e-05 
lhC 1.40905 -0.181012 1.26768 -0.286426 
rhC 1.40905 0.147083 1.26771 -0.359145 
bac 1.40905 -0.0201168 1.1488 -0.266127 
lfT 1.40905 -0.327135 0.29609 -0.476009 
rfT 1.40905 0.263997 0.312781 -0.521637 
HMD 1.42024 0.00012531 1.79998 7.97349e-05 
lhC 1.42024 -0.180914 1.26788 -0.28636 
rhC 1.42024 0.147154 1.26786 -0.359087 
bac 1.42024 -0.0201273 1.14885 -0.266135 
lfT 1.42024 -0.327101 0.296157 -0.476015 
rfT 1.42024 0.263978 0.312725 -0.521664 
HMD 1.43152 0.000132155 1.79996 9.33227e-05 
lhC 1.43152 -0.180931 1.26787 -0.286331 
rhC 1.43152 0.147168 1.2679 -0.359043 
bac 1.43152 -0.0201244 1.14878 -0.266176 
lfT 1.43152 -0.327104 0.296187 -0.47602 
rfT 1.43152 0.263993 0.312699 -0.521676 
HMD 1.44264 0.000160641 1.79986 0.000123022 
lhC 1.44264 -0.180847 1.26762 -0.286265 
rhC 1.44264 0.147235 1.26777 -0.358995 
bac 1.44264 -0.0201601 1.14891 -0.266206 
lfT 1.44264 -0.327101 0.29619 -0.476008 
rfT 1.44264 0.263976 0.312688 -0.521678 
HMD 1.45383 0.000125587 1.79967 4.31583e-06 
lhC 1.45383 -0.180914 1.2672 -0.286539 
rhC 1.45383 0.147099 1.26737 -0.359234 
bac 1.45383 -0.0201929 1.14883 -0.266266 
lfT 1.45383 -0.327166 0.296085 -0.476062 
rfT 1.45383 0.263912 0.312538 -0.521685 
HMD 1.46489 0.000129372 1.79962 1.46487e-05 
lhC 1.46489 -0.180924 1.26712 -0.286533 
rhC 1.46489 0.14709 1.26726 -0.359219 
bac 1.46489 -0.0201982 1.14884 -0.266295 
lfT 1.46489 -0.327181 0.296111 -0.47608 
rfT 1.46489 0.263922 0.312503 -0.521723 
HMD 1.47619 0.000125154 1.79975 -0.000145855 
lhC 1.47619 -0.181093 1.26758 -0.28665 
rhC 1.47619 0.146924 1.26773 -0.359321 
bac 1.47619 -0.0201977 1.14883 -0.266305 
lfT 1.47619 -0.327205 0.296167 -0.476095 
rfT 1.47619 0.263888 0.312556 -0.521738 
HMD 1.48736 0.000109296 1.79968 -0.000199158 
lhC 1.48736 -0.180973 1.26755 -0.286805 
rhC 1.48736 0.147039 1.26774 -0.359496 
bac 1.48736 -0.0201675 1.14887 -0.266362 
lfT 1.48736 -0.327247 0.295935 -0.476328 
rfT 1.48736 0.263937 0.312503 -0.521833 
HMD 1.4986 0.000120744 1.79964 -0.000184506 
lhC 1.4986 -0.181041 1.26732 -0.286746 
rhC 1.4986 0.146927 1.26758 -0.359459 
bac 1.4986 -0.020308 1.14855 -0.266381 
lfT 1.4986 -0.327272 0.295906 -0.47632 
rfT 1.4986 0.26383 0.312282 -0.521881 
HMD 1.50979 7.27397e-05 1.79975 -0.000251457 
lhC 1.50979 -0.181131 1.2675 -0.286837 
rhC 1.50979 0.146827 1.26774 -0.359501 
bac 1.50979 -0.0203716 1.1486 -0.26642 
lfT 1.50979 -0.327322 0.296083 -0.476376 
rfT 1.50979 0.26373 0.312463 -0.521936 
HMD 1.52081 0.000173032 1.79996 -0.00019194 
lhC 1.52081 -0.180896 1.26792 -0.286696 
rhC 1.52081 0.146805 1.26775 -0.359546 
bac 1.52081 -0.0203861 1.1486 -0.266468 
lfT 1.52081 -0.32718 0.296408 -0.476279 
rfT 1.52081 0.263943 0.312833 -0.52184 
HMD 1.53189 0.000173637 1.79997 -0.000225807 
lhC 1.53189 -0.180872 1.26798 -0.28673 
rhC 1.53189 0.147043 1.26814 -0.359454 
bac 1.53189 -0.0202418 1.14892 -0.266344 
lfT 1.53189 -0.327183 0.296433 -0.476263 
rfT 1.53189 0.263901 0.312834 -0.521787 
HMD 1.54316 0.000224779 1.79989 -0.00021253 
lhC 1.54316 -0.180726 1.26763 -0.286666 
rhC 1.54316 0.147213 1.26775 -0.359361 
bac 1.54316 -0.0202184 1.14888 -0.266248 
lfT 1.54316 -0.327105 0.296247 -0.476226 
rfT 1.54316 0.263962 0.3127 -0.521761 
HMD 1.55438 0.000158229 1.79993 -0.000117241 
lhC 1.55438 -0.180897 1.26757 -0.286537 
rhC 1.55438 0.147089 1.26764 -0.35926 
bac 1.55438 -0.0202188 1.14901 -0.2662 
lfT 1.55438 -0.327131 0.296321 -0.47613 
rfT 1.55438 0.264039 0.312822 -0.52171 
HMD 1.56541 0.000160813 1.79992 -0.000145281 
lhC 1.56541 -0.180896 1.26761 -0.286623 
rhC 1.56541 0.147093 1.26765 -0.359328 
bac 1.56541 -0.0202223 1.14903 -0.266235 
lfT 1.56541 -0.327136 0.296328 -0.476106 
rfT 1.56541 0.264055 0.312874 -0.521724 
HMD 1.5767 0.000185056 1.7999 -0.000167234 
lhC 1.5767 -0.1809 1.26764 -0.286605 
rhC 1.5767 0.147119 1.26762 -0.359305 
bac 1.5767 -0.0201538 1.14897 -0.266198 
lfT 1.5767 -0.327104 0.296237 -0.476073 
rfT 1.5767 0.264099 0.312902 -0.521709 
HMD 1.5878 0.00016835 1.79985 -0.000198617 
lhC 1.5878 -0.180949 1.26759 -0.286655 
rhC 1.5878 0.147105 1.26749 -0.359367 
bac 1.5878 -0.0201482 1.14899 -0.266195 
lfT 1.5878 -0.327148 0.296241 -0.476051 
rfT 1.5878 0.264019 0.312778 -0.521733 
HMD 1.59896 0.000184513 1.79982 -0.000170722 
lhC 1.59896 -0.18094 1.26754 -0.286601 
rhC 1.59896 0.147076 1.26743 -0.359308 
bac 1.59896 -0.0201723 1.14896 -0.266222 
lfT 1.59896 -0.327158 0.296258 -0.476036 
rfT 1.59896 0.26402 0.312808 -0.521702 
HMD 1.61012 9.96559e-05 1.79982 -0.000120264 
lhC 1.61012 -0.18097 1.26768 -0.286632 
rhC 1.61012 0.147017 1.26753 -0.359342 
bac 1.61012 -0.0201368 1.14894 -0.266203 
lfT 1.61012 -0.327162 0.296241 -0.476027 
rfT 1.61012 0.263974 0.312925 -0.521709 
HMD 1.62133 0.000132931 1.79991 -9.80853e-05 
lhC 1.62133 -0.18098 1.26784 -0.286527 
rhC 1.62133 0.147011 1.26762 -0.359232 
bac 1.62133 -0.0201321 1.14904 -0.266162 
lfT 1.62133 -0.327128 0.296284 -0.476065 
rfT 1.62133 0.263958 0.313028 -0.521645 
HMD 1.63253 0.000125771 1.79992 -0.000151076 
lhC 1.63253 -0.180982 1.26798 -0.286668 
rhC 1.63253 0.14704 1.26763 -0.359361 
bac 1.63253 -0.0201167 1.1491 -0.266223 
lfT 1.63253 -0.327139 0.296338 -0.476114 
rfT 1.63253 0.264004 0.313069 -0.521688 
HMD 1.64363 3.98599e-05 1.80007 -0.000170851 
lhC 1.64363 -0.181014 1.26814 -0.286717 
rhC 1.64363 0.146936 1.26786 -0.359414 
bac 1.64363 -0.0201138 1.1491 -0.266226 
lfT 1.64363 -0.32713 0.296267 -0.476093 
rfT 1.64363 0.264036 0.313046 -0.52167 
HMD 1.65483 3.27438e-05 1.8001 -0.000162133 
lhC 1.65483 -0.181073 1.26822 -0.286672 
rhC 1.65483 0.146895 1.26788 -0.35937 
bac 1.65483 -0.0201288 1.14912 -0.266227 
lfT 1.65483 -0.327139 0.296207 -0.476126 
rfT 1.65483 0.264001 0.313002 -0.521714 
HMD 1.66605 4.14514e-05 1.80007 -8.25684e-05 
lhC 1.66605 -0.181085 1.26821 -0.286575 
rhC 1.66605 0.146875 1.26788 -0.359263 
bac 1.66605 -0.0201988 1.149 -0.266204 
lfT 1.66605 -0.32714 0.296169 -0.4761 
rfT 1.66605 0.263994 0.313006 -0.521679 
HMD 1.67729 -2.68677e-05 1.80005 9.88756e-06 
lhC 1.67729 -0.181015 1.26806 -0.286524 
rhC 1.67729 0.146891 1.26777 -0.359168 
bac 1.67729 -0.0201614 1.14894 -0.266188 
lfT 1.67729 -0.327135 0.296145 -0.476112 
rfT 1.67729 0.263996 0.313006 -0.521671 
HMD 1.68828 -6.34079e-06 1.80016 6.77184e-05 
lhC 1.68828 -0.181085 1.26817 -0.286402 
rhC 1.68828 0.146974 1.26797 -0.359071 
bac 1.68828 -0.0203138 1.14898 -0.266064 
lfT 1.68828 -0.327217 0.296185 -0.475986 
rfT 1.68828 0.263903 0.312974 -0.521572 
HMD 1.6997 6.86633e-05 1.79999 8.59979e-05 
lhC 1.6997 -0.181097 1.26835 -0.2866 
rhC 1.6997 0.147039 1.26804 -0.359286 
bac 1.6997 -0.0202641 1.14914 -0.266292 
lfT 1.6997 -0.327219 0.296276 -0.476128 
rfT 1.6997 0.264008 0.31301 -0.521759 
HMD 1.71079 8.20553e-05 1.80004 8.06939e-05 
lhC 1.71079 -0.180814 1.26769 -0.286447 
rhC 1.71079 0.147273 1.26764 -0.35917 
bac 1.71079 -0.0201613 1.14887 -0.266235 
lfT 1.71079 -0.327129 0.295972 -0.476064 
rfT 1.71079 0.264125 0.312743 -0.521696 
HMD 1.72192 8.82312e-05 1.80008 0.000100574 
lhC 1.72192 -0.180797 1.26767 -0.286451 
rhC 1.72192 0.147285 1.26769 -0.35913 
bac 1.72192 -0.0201716 1.14885 -0.266258 
lfT 1.72192 -0.327043 0.295991 -0.476102 
rfT 1.72192 0.2641 0.312691 -0.521714 
HMD 1.73306 8.47828e-05 1.80006 0.000138836 
lhC 1.73306 -0.180782 1.26767 -0.286412 
rhC 1.73306 0.147299 1.26772 -0.359059 
bac 1.73306 -0.0201824 1.14878 -0.266158 
lfT 1.73306 -0.327017 0.295949 -0.476072 
rfT 1.73306 0.264087 0.31265 -0.521638 
HMD 1.74421 0.000110629 1.80022 9.90022e-06 
lhC 1.74421 -0.180914 1.26805 -0.286486 
rhC 1.74421 0.147144 1.26816 -0.359158 
bac 1.74421 -0.0202018 1.14886 -0.266165 
lfT 1.74421 -0.327073 0.296157 -0.476135 
rfT 1.74421 0.263994 0.312867 -0.521688 
HMD 1.75535 0.000105178 1.80018 -5.15253e-07 
lhC 1.75535 -0.180909 1.26793 -0.286615 
rhC 1.75535 0.147134 1.26802 -0.359322 
bac 1.75535 -0.0201693 1.14887 -0.266217 
lfT 1.75535 -0.327008 0.296159 -0.476183 
rfT 1.75535 0.264011 0.312839 -0.521755 
HMD 1.76662 9.17906e-05 1.80024 -6.75406e-05 
lhC 1.76662 -0.180916 1.26797 -0.286706 
rhC 1.76662 0.147192 1.26805 -0.359425 
bac 1.76662 -0.0201622 1.14886 -0.266243 
lfT 1.76662 -0.326992 0.296178 -0.476237 
rfT 1.76662 0.264008 0.312802 -0.521776 
HMD 1.77796 0.000194864 1.80008 -3.28309e-05 
lhC 1.77796 -0.180771 1.26766 -0.286627 
rhC 1.77796 0.147349 1.26777 -0.359352 
bac 1.77796 -0.0201363 1.14872 -0.266223 
lfT 1.77796 -0.32695 0.296066 -0.476242 
rfT 1.77796 0.264064 0.312656 -0.521753 
HMD 1.78884 8.07747e-05 1.79982 -0.000143878 
lhC 1.78884 -0.181021 1.26729 -0.286736 
rhC 1.78884 0.147108 1.2673 -0.359463 
bac 1.78884 -0.0201198 1.14871 -0.266255 
lfT 1.78884 -0.327193 0.295719 -0.476337 
rfT 1.78884 0.263893 0.312261 -0.521899 
HMD 1.80017 0.000110526 1.79974 -7.95023e-05 
lhC 1.80017 -0.181048 1.2672 -0.286603 
rhC 1.80017 0.147055 1.26719 -0.359324 
bac 1.80017 -0.0203133 1.14827 -0.266286 
lfT 1.80017 -0.327188 0.295595 -0.47628 
rfT 1.80017 0.263821 0.312164 -0.521822 
HMD 1.81139 2.96009e-05 1.79988 -0.000161334 
lhC 1.81139 -0.181234 1.26764 -0.286722 
rhC 1.81139 0.146824 1.26766 -0.35942 
bac 1.81139 -0.0204282 1.14848 -0.26635 
lfT 1.81139 -0.327267 0.295813 -0.476347 
rfT 1.81139 0.26371 0.312308 -0.521877 
HMD 1.82262 5.71701e-05 1.79996 -0.000117954 
lhC 1.82262 -0.181054 1.26799 -0.286634 
rhC 1.82262 0.146937 1.26789 -0.359356 
bac 1.82262 -0.0203995 1.14842 -0.266411 
lfT 1.82262 -0.327093 0.296155 -0.476184 
rfT 1.82262 0.263919 0.312648 -0.5218 
HMD 1.83366 -1.52394e-06 1.80006 -0.000111315 
lhC 1.83366 -0.181075 1.26792 -0.286518 
rhC 1.83366 0.146887 1.2679 -0.359228 
bac 1.83366 -0.0201997 1.14884 -0.266166 
lfT 1.83366 -0.327078 0.296122 -0.476108 
rfT 1.83366 0.263884 0.312605 -0.521733 
HMD 1.84479 -0.000109114 1.80009 -3.08317e-05 
lhC 1.84479 -0.181155 1.2681 -0.286542 
rhC 1.84479 0.146805 1.26811 -0.359256 
bac 1.84479 -0.0202505 1.14893 -0.266179 
lfT 1.84479 -0.327112 0.296268 -0.476122 
rfT 1.84479 0.263839 0.312676 -0.521744 
HMD 1.85604 -8.8506e-05 1.80018 8.50304e-06 
lhC 1.85604 -0.181185 1.26823 -0.286428 
rhC 1.85604 0.146796 1.26824 -0.359164 
bac 1.85604 -0.0203619 1.14896 -0.266067 
lfT 1.85604 -0.327285 0.296309 -0.475935 
rfT 1.85604 0.263788 0.312751 -0.521552 
HMD 1.86725 -0.000120223 1.8002 -1.86113e-05 
lhC 1.86725 -0.181206 1.2683 -0.286492 
rhC 1.86725 0.146808 1.26834 -0.359247 
bac 1.86725 -0.0203675 1.14902 -0.266134 
lfT 1.86725 -0.327312 0.296356 -0.475965 
rfT 1.86725 0.263823 0.31273 -0.521633 
HMD 1.8784 -9.41857e-05 1.80022 -6.23177e-05 
lhC 1.8784 -0.181188 1.26822 -0.286465 
rhC 1.8784 0.146826 1.26823 -0.359227 
bac 1.8784 -0.0203628 1.14894 -0.266107 
lfT 1.8784 -0.327177 0.296348 -0.476087 
rfT 1.8784 0.263854 0.312778 -0.521719 
HMD 1.88951 -7.43833e-05 1.80031 -2.83939e-05 
lhC 1.88951 -0.181085 1.26829 -0.28653 
rhC 1.88951 0.146884 1.26827 -0.359275 
bac 1.88951 -0.0202367 1.14896 -0.266232 
lfT 1.88951 -0.327176 0.296359 -0.476096 
rfT 1.88951 0.263916 0.312943 -0.521668 
HMD 1.90063 -2.42167e-05 1.8002 -4.11846e-05 
lhC 1.90063 -0.181061 1.26844 -0.286709 
rhC 1.90063 0.14693 1.26836 -0.359452 
bac 1.90063 -0.020218 1.14897 -0.266259 
lfT 1.90063 -0.327191 0.296435 -0.476144 
rfT 1.90063 0.263941 0.313006 -0.521735 
HMD 1.91175 -3.49149e-05 1.80021 -5.6515e-05 
lhC 1.91175 -0.180909 1.26794 -0.28656 
rhC 1.91175 0.147143 1.26791 -0.359354 
bac 1.91175 -0.0201402 1.14879 -0.266215 
lfT 1.91175 -0.327062 0.296004 -0.476041 
rfT 1.91175 0.264055 0.312749 -0.521673 
HMD 1.92309 -8.00984e-05 1.80012 -9.85003e-05 
lhC 1.92309 -0.181019 1.26765 -0.286647 
rhC 1.92309 0.146976 1.26767 -0.359347 
bac 1.92309 -0.0201181 1.14881 -0.266211 
lfT 1.92309 -0.327059 0.296043 -0.476063 
rfT 1.92309 0.264052 0.312764 -0.521709 
HMD 1.93456 -2.22486e-05 1.79997 -3.27321e-05 
lhC 1.93456 -0.181022 1.26765 -0.286675 
rhC 1.93456 0.146977 1.26764 -0.359357 
bac 1.93456 -0.0201104 1.1488 -0.266221 
lfT 1.93456 -0.327052 0.296067 -0.476089 
rfT 1.93456 0.264068 0.312728 -0.521733 
HMD 1.94537 -3.39111e-05 1.79997 -4.78717e-05 
lhC 1.94537 -0.180917 1.26729 -0.286605 
rhC 1.94537 0.147078 1.26739 -0.359311 
bac 1.94537 -0.0200999 1.14885 -0.26622 
lfT 1.94537 -0.327041 0.296092 -0.476093 
rfT 1.94537 0.264096 0.312725 -0.521734 
HMD 1.95656 -4.80895e-05 1.79993 -5.80036e-05 
lhC 1.95656 -0.180976 1.26724 -0.286526 
rhC 1.95656 0.147043 1.2673 -0.359247 
bac 1.95656 -0.0201666 1.14875 -0.266188 
lfT 1.95656 -0.327115 0.295963 -0.476118 
rfT 1.95656 0.264013 0.312619 -0.521716 
HMD 1.96778 -5.8698e-05 1.7999 -5.82908e-05 
lhC 1.96778 -0.180966 1.26715 -0.286568 
rhC 1.96778 0.147041 1.2673 -0.359263 
bac 1.96778 -0.0201733 1.14875 -0.266191 
lfT 1.96778 -0.327105 0.295985 -0.476142 
rfT 1.96778 0.264013 0.312584 -0.521728 
HMD 1.97894 -4.194e-05 1.79987 -8.57473e-05 
lhC 1.97894 -0.181036 1.26725 -0.286619 
rhC 1.97894 0.146987 1.26732 -0.359309 
bac 1.97894 -0.0202252 1.14886 -0.266214 
lfT 1.97894 -0.32713 0.296064 -0.476177 
rfT 1.97894 0.263926 0.312762 -0.521757 
HMD 1.99009 1.06924e-05 1.79999 -3.99315e-05 
lhC 1.99009 -0.180863 1.26756 -0.286491 
rhC 1.99009 0.147129 1.26752 -0.359218 
bac 1.99009 -0.0201922 1.14895 -0.266177 
lfT 1.99009 -0.327092 0.296172 -0.476139 
rfT 1.99009 0.263949 0.312855 -0.521744 
HMD 2.00122 -5.49499e-05 1.80013 -0.000119454 
lhC 2.00122 -0.180855 1.26761 -0.286572 
rhC 2.00122 0.147179 1.26752 -0.359281 
bac 2.00122 -0.0202031 1.14893 -0.266189 
lfT 2.00122 -0.327077 0.296186 -0.476155 
rfT 2.00122 0.263948 0.312849 -0.521747 
HMD 2.01238 -6.39889e-05 1.80012 -0.000124915 
lhC 2.01238 -0.181072 1.26802 -0.286623 
rhC 2.01238 0.147014 1.26785 -0.359385 
bac 2.01238 -0.0202168 1.14901 -0.266196 
lfT 2.01238 -0.327101 0.296294 -0.476176 
rfT 2.01238 0.263919 0.31294 -0.521765 
HMD 2.02359 -1.74676e-06 1.80024 -7.55194e-05 
lhC 2.02359 -0.181014 1.26825 -0.286527 
rhC 2.02359 0.147065 1.26804 -0.359247 
bac 2.02359 -0.0201826 1.14906 -0.266197 
lfT 2.02359 -0.327122 0.296403 -0.476108 
rfT 2.02359 0.263986 0.313054 -0.521775 
HMD 2.03466 -4.58124e-06 1.80025 -4.96403e-05 
lhC 2.03466 -0.181011 1.26828 -0.286431 
rhC 2.03466 0.147035 1.26804 -0.359157 
bac 2.03466 -0.0201789 1.14903 -0.266172 
lfT 2.03466 -0.327129 0.296416 -0.476051 
rfT 2.03466 0.263952 0.313032 -0.521709 
HMD 2.04569 -3.68616e-06 1.80027 -7.25123e-05 
lhC 2.04569 -0.180981 1.26831 -0.28643 
rhC 2.04569 0.147019 1.26807 -0.359158 
bac 2.04569 -0.0201512 1.14899 -0.266165 
lfT 2.04569 -0.327152 0.296519 -0.476079 
rfT 2.04569 0.263948 0.313052 -0.521699 
HMD 2.05705 -3.19225e-05 1.80016 -0.00011688 
lhC 2.05705 -0.181093 1.268 -0.286605 
rhC 2.05705 0.146911 1.26781 -0.359286 
bac 2.05705 -0.0201944 1.14883 -0.266237 
lfT 2.05705 -0.327186 0.296377 -0.476183 
rfT 2.05705 0.263894 0.312962 -0.521763 
HMD 2.06815 -2.58435e-05 1.80012 -5.89299e-05 
lhC 2.06815 -0.181107 1.26793 -0.28651 
rhC 2.06815 0.146862 1.26776 -0.359176 
bac 2.06815 -0.0201888 1.14884 -0.266187 
lfT 2.06815 -0.327189 0.29632 -0.47613 
rfT 2.06815 0.263871 0.312916 -0.521712 
HMD 2.08033 2.69316e-05 1.80012 -8.34075e-05 
lhC 2.08033 -0.181009 1.26792 -0.286569 
rhC 2.08033 0.146835 1.26774 -0.359182 
bac 2.08033 -0.0201642 1.14884 -0.266172 
lfT 2.08033 -0.327158 0.296292 -0.476143 
rfT 2.08033 0.263906 0.312885 -0.521746 
HMD 2.09141 8.78787e-05 1.80021 -4.15957e-05 
lhC 2.09141 -0.180963 1.268 -0.286513 
rhC 2.09141 0.14702 1.26788 -0.359241 
bac 2.09141 -0.0201279 1.14888 -0.26615 
lfT 2.09141 -0.327143 0.296318 -0.476129 
rfT 2.09141 0.263962 0.31295 -0.521715 
HMD 2.10373 0.000155015 1.80008 -1.86933e-05 
lhC 2.10373 -0.180827 1.26765 -0.286515 
rhC 2.10373 0.147165 1.26765 -0.35929 
bac 2.10373 -0.0201224 1.14892 -0.266158 
lfT 2.10373 -0.327145 0.296316 -0.476142 
rfT 2.10373 0.264059 0.312764 -0.521696 
HMD 2.11501 0.000223089 1.80009 -5.80481e-05 
lhC 2.11501 -0.180765 1.26762 -0.286544 
rhC 2.11501 0.147219 1.26763 -0.359328 
bac 2.11501 -0.0200955 1.1489 -0.266192 
lfT 2.11501 -0.327062 0.296071 -0.476122 
rfT 2.11501 0.264092 0.31273 -0.521726 
HMD 2.12661 0.000213729 1.79995 -4.7412e-05 
lhC 2.12661 -0.180826 1.26743 -0.286577 
rhC 2.12661 0.14716 1.26745 -0.359387 
bac 2.12661 -0.0201411 1.14878 -0.266232 
lfT 2.12661 -0.32709 0.296008 -0.476153 
rfT 2.12661 0.264024 0.312594 -0.521768 
HMD 2.13769 0.000220988 1.79996 -5.66006e-05 
lhC 2.13769 -0.180873 1.26748 -0.286482 
rhC 2.13769 0.147141 1.26742 -0.359249 
bac 2.13769 -0.0201364 1.1488 -0.266193 
lfT 2.13769 -0.327082 0.295968 -0.476138 
rfT 2.13769 0.264004 0.312529 -0.521735 
HMD 2.14885 0.000171322 1.79995 1.35056e-05 
lhC 2.14885 -0.18093 1.26747 -0.286434 
rhC 2.14885 0.147071 1.26745 -0.359235 
bac 2.14885 -0.0201338 1.14878 -0.266184 
lfT 2.14885 -0.327117 0.295938 -0.4761 
rfT 2.14885 0.264012 0.312495 -0.521757 
HMD 2.16008 0.00022384 1.79999 4.23673e-05 
lhC 2.16008 -0.180857 1.26758 -0.286334 
rhC 2.16008 0.147187 1.2677 -0.359144 
bac 2.16008 -0.0200779 1.14886 -0.26616 
lfT 2.16008 -0.327073 0.29601 -0.476076 
rfT 2.16008 0.264083 0.312554 -0.521715 
