6;
8;
0.992475;0.00109755;0;0.00062693;0.00188351;0.00391682;
0.000633317;0.989389;0.00213677;0.00150792;0.00213883;0.00419437;
0;0.00347174;0.987418;0;0.00673942;0.00237078;
0.000737096;0.00467492;0;0.993482;0.00110564;0;
0.00141753;0.00324073;0.00338413;0.00174321;0.986498;0.00371631;
0.00355714;0.00184722;0.00393918;0;0.00498272;0.985674;
0;0.000154233;0.000830071;0.998859;7.11647e-263;0;2.80525e-303;0.000156609;
1.5136e-231;3.15077e-145;1.26962e-212;1.16706e-283;0.000154282;0.432277;4.73545e-216;0.567569;
0.999272;0.000481068;0.000247212;0;0;1.13955e-199;0;1.68986e-211;
0;1.53246e-242;0;3.57763e-284;0.594385;2.30022e-208;0.405615;5.75475e-208;
5.641e-191;0.999785;0.000100749;4.63452e-241;1.90294e-219;0.000114587;0;0;
0.000152297;1.74737e-176;0.999848;1.41761e-182;0;0;0;1.46943e-157;
0.0951539;0.30517;0.0641112;0.420693;0.0370372;0.0778344;
-474.314;