-6.18482;-694.842;-401.382;-6.80183;-5.50793;-463.484;
-447.883;-738.14;-249.913;-619.235;-586.348;-9.55003;
-338.337;-129.249;-238.859;-492.138;-546.373;-390.555;
-6.18482;-nan(ind);-198.042;-6.80183;-5.50793;-433.499;
-6.18482;-2.9698;-213.394;-6.80183;-603.368;-9.55003;
-6.18482;-312.997;-344.7;-6.80183;-5.50793;-463.484;
-439.099;-484.655;-221.675;-455.974;-508.788;-243.44;
-260.091;-218.625;-201.971;-189.859;-206.917;-463.484;
-240.58;-242.285;-270.791;-43.8002;-269.17;-463.484;
-318.59;-148.058;-367.703;-203.503;-280.67;-463.484;
-165.926;-73.3284;-nan(ind);-nan(ind);-463.484;
-151.474;-94.5412;-nan(ind);-nan(ind);-463.484;
-182.915;-264.615;-243.592;-328.009;-463.484;
-206.54;-292.23;-213.806;-293.823;-444.751;
