6;
8;
0.985676;3.18718e-24;2.74473e-121;0.0135807;0.000743043;1.7437e-27;
2.89599e-24;0.971886;1.65525e-62;0.00871218;0.00534461;0.0140568;
3.88607e-95;2.47117e-77;1;4.24561e-70;1.74378e-70;2.17847e-43;
0.0031886;0.00707532;2.35857e-68;0.425379;0.559814;0.0045433;
0.00539215;0.00372211;8.59732e-74;0.414778;0.561395;0.0147128;
7.54456e-28;0.00829669;0.00829669;0.00466762;0.00362907;0.97511;
6.65488e-43;5.33244e-10;2.83397e-55;1.80869e-99;3.46974e-82;3.28948e-22;1.61265e-27;1;
7.32316e-10;4.54864e-13;1.20993e-22;1.2652e-62;3.19831e-23;1.92591e-10;1;2.03856e-29;
1.55714e-70;5.79807e-70;1.00013e-90;1;1.06716e-11;3.95168e-106;6.39554e-101;6.37162e-126;
1.01455e-13;0.337153;9.86142e-19;3.2483e-56;4.32824e-29;0.662847;9.81391e-14;5.01145e-15;
5.98125e-13;0.323002;8.27373e-15;1.04245e-58;4.00816e-29;0.676998;1.3635e-16;2.10058e-18;
0.454576;3.98702e-11;0.247241;2.19137e-15;0.298183;3.87106e-15;8.29848e-15;3.62667e-54;
9.42871e-77;1.32515e-41;1.39481e-170;0.201514;0.798486;1.41233e-63;
-421.947;