6;
7;
0.996714;0;4.5124e-223;0;0.00328632;0;
0.000501298;0.988422;0.00861261;0;0.000455985;0.00200795;
1.33334e-237;0.000762702;0.98467;0;0.00999227;0.00457472;
0;0;0;1;0;0;
0.00526127;3.54106e-232;0.000111746;0;0.994627;0;
3.27227e-215;0.00234811;0.00547888;0.0156539;0.000782698;0.975736;
1.78168e-142;0;0.000516499;0.999484;8.28849e-201;0;0;
0.999764;1.72329e-253;5.01454e-56;1.47799e-132;0.000235578;0;2.09379e-237;
8.91849e-49;0.474022;3.01453e-178;0;0.525978;7.32788e-57;3.35426e-198;
0;0;0;0;0;1;6.73636e-232;
6.27216e-320;0;0.999558;0.000441907;2.9385e-150;0;0;
0.000473697;6.91993e-137;3.631e-289;0;1.21053e-146;0.00158971;0.997937;
0;0.478166;0.170998;0;0;0.350836;
-191.348;