6;
7;
0.998134;0.00186599;0;0;0;0;
0.003463;0.996537;0;0;0;0;
0;0;0.991589;0.00390508;0.00450586;0;
0;0.00323363;0.00145513;0.992886;0.00242522;0;
0;0.00788055;0.00186645;0.000622148;0.989631;0;
0.00341297;0;0;0;0;0.996587;
5.10006e-210;0.000337496;0.665879;4.78745e-264;0;0.333783;0;
1;1.03787e-38;3.37698e-240;0;6.35359e-260;2.40546e-255;0;
0;9.59182e-186;0;0;2.83076e-212;0;1;
7.62352e-239;9.12353e-245;0;0;1;0;8.01917e-233;
3.25056e-199;1;0;0;1.621e-233;0;5.33233e-216;
0;0;1.80633e-221;1;0;0;0;
0;0;0.123257;0.289007;0.255356;0.33238;
-250.369;