6;
7;
0.9899;0.00386874;0.0008902;0.00296733;0;0.00237386;
0.00222717;0.993427;0;0;0.000808492;0.00353715;
0;0;1;0;0;0;
0;0;0.0015224;0.995868;0.000217486;0.00239234;
0;0;0;0.00220022;0.9978;0;
0.000100624;0.000301872;0;0.00201248;0.000100624;0.997484;
2.28555e-245;0;5.67837e-123;9.59418e-45;0.559639;0.440361;9.90158e-293;
0;3.08299e-302;0.999902;6.68024e-237;0;9.7936e-05;0;
1.43419e-248;0;0;0;1.19856e-266;0;1;
1;2.0678e-274;0;9.95452e-56;2.436e-241;9.07681e-287;4.3123e-269;
5.03047e-233;1;2.82389e-232;1.27299e-311;0;0;0;
3.45557e-245;0;3.74547e-171;1;0;8.4458e-268;0;
0.548744;0.451256;0;0;0;0;
-173.944;